Stance sanity — one row per (step_idx, phase) transition.
tick |   t [s] | step | phase | swing | stance_a | stance_b | swing_to | r_C1=anchor_a (xyz)         | r_C2=anchor_b (xyz)
----------------------------------------------------------------------------------------------------------------------------------
   0 |    0.01 |   -1 |    DS |       |        2 |        2 |       -1 |      [-0.400,+0.300,+0.025] |      [-0.400,-0.300,+0.025]
  10 |    0.11 |    0 |    SS |     b |        2 |        2 |        3 |      [-0.400,+0.300,+0.025] |      [-0.400,-0.300,+0.025]
  43 |    3.42 |    0 |    DS |     b |        2 |        3 |        3 |      [-0.400,+0.300,+0.025] |      [+0.400,-0.300,+0.025]
 213 |    5.12 |    1 |    SS |     a |        2 |        3 |        3 |      [-0.400,+0.300,+0.025] |      [+0.400,-0.300,+0.025]
 297 |   13.53 |    1 |    DS |     a |        3 |        3 |        3 |      [+0.400,+0.300,+0.025] |      [+0.400,-0.300,+0.025]
 347 |   14.03 |    2 |    SS |     b |        3 |        3 |        4 |      [+0.400,+0.300,+0.025] |      [+0.400,-0.300,+0.025]
 381 |   17.44 |    2 |    DS |     b |        3 |        4 |        4 |      [+0.400,+0.300,+0.025] |      [+1.200,-0.300,+0.025]
 481 |   18.44 |    3 |    SS |     a |        3 |        4 |        4 |      [+0.400,+0.300,+0.025] |      [+1.200,-0.300,+0.025]
 562 |   26.55 |    3 |    DS |     a |        4 |        4 |        4 |      [+1.200,+0.300,+0.025] |      [+1.200,-0.300,+0.025]
 612 |   27.05 |    4 |    SS |     b |        4 |        4 |        5 |      [+1.200,+0.300,+0.025] |      [+1.200,-0.300,+0.025]
 647 |   30.55 |    4 |    DS |     b |        4 |        5 |        5 |      [+1.200,+0.300,+0.025] |      [+2.000,-0.300,+0.025]
