Stance sanity — one row per (step_idx, phase) transition.
tick |   t [s] | step | phase | swing | stance_a | stance_b | swing_to | r_C1=anchor_a (xyz)         | r_C2=anchor_b (xyz)
----------------------------------------------------------------------------------------------------------------------------------
   0 |    0.01 |   -1 |    DS |       |        2 |        2 |       -1 |      [-0.400,+0.300,+0.025] |      [-0.400,-0.300,+0.025]
  10 |    0.11 |    0 |    SS |     b |        2 |        2 |        3 |      [-0.400,+0.300,+0.025] |      [-0.400,-0.300,+0.025]
  42 |    3.32 |    0 |    DS |     b |        2 |        3 |        3 |      [-0.400,+0.300,+0.025] |      [+0.400,-0.300,+0.025]
 213 |    5.03 |    1 |    SS |     a |        2 |        3 |        3 |      [-0.400,+0.300,+0.025] |      [+0.400,-0.300,+0.025]
 297 |   13.44 |    1 |    DS |     a |        3 |        3 |        3 |      [+0.400,+0.300,+0.025] |      [+0.400,-0.300,+0.025]
 347 |   13.94 |    2 |    SS |     b |        3 |        3 |        4 |      [+0.400,+0.300,+0.025] |      [+0.400,-0.300,+0.025]
 380 |   17.25 |    2 |    DS |     b |        3 |        4 |        4 |      [+0.400,+0.300,+0.025] |      [+1.200,-0.300,+0.025]
 546 |   18.91 |    3 |    SS |     a |        3 |        4 |        4 |      [+0.400,+0.300,+0.025] |      [+1.200,-0.300,+0.025]
 626 |   26.92 |    3 |    DS |     a |        4 |        4 |        4 |      [+1.200,+0.300,+0.025] |      [+1.200,-0.300,+0.025]
 676 |   27.42 |    4 |    SS |     b |        4 |        4 |        5 |      [+1.200,+0.300,+0.025] |      [+1.200,-0.300,+0.025]
 711 |   30.92 |    4 |    DS |     b |        4 |        5 |        5 |      [+1.200,+0.300,+0.025] |      [+2.000,-0.300,+0.025]
