Stance sanity — one row per (step_idx, phase) transition.
tick |   t [s] | step | phase | swing | stance_a | stance_b | swing_to | r_C1=anchor_a (xyz)         | r_C2=anchor_b (xyz)
----------------------------------------------------------------------------------------------------------------------------------
   0 |    0.01 |   -1 |    DS |       |        2 |        2 |       -1 |      [-0.400,+0.300,+0.025] |      [-0.400,-0.300,+0.025]
  10 |    0.11 |    0 |    SS |     b |        2 |        2 |        3 |      [-0.400,+0.300,+0.025] |      [-0.400,-0.300,+0.025]
  38 |    2.92 |    0 |    DS |     b |        2 |        3 |        3 |      [-0.400,+0.300,+0.025] |      [+0.400,-0.300,+0.025]
 261 |    5.15 |    1 |    SS |     a |        2 |        3 |        3 |      [-0.400,+0.300,+0.025] |      [+0.400,-0.300,+0.025]
 344 |   13.46 |    1 |    DS |     a |        3 |        3 |        3 |      [+0.400,+0.300,+0.025] |      [+0.400,-0.300,+0.025]
 425 |   14.27 |    2 |    SS |     b |        3 |        3 |        4 |      [+0.400,+0.300,+0.025] |      [+0.400,-0.300,+0.025]
 518 |   23.58 |    2 |    DS |     b |        3 |        4 |        4 |      [+0.400,+0.300,+0.025] |      [+1.200,-0.300,+0.025]
 659 |   24.99 |    3 |    SS |     a |        3 |        4 |        4 |      [+0.400,+0.300,+0.025] |      [+1.200,-0.300,+0.025]
 739 |   33.00 |    3 |    DS |     a |        4 |        4 |        4 |      [+1.200,+0.300,+0.025] |      [+1.200,-0.300,+0.025]
 789 |   33.50 |    4 |    SS |     b |        4 |        4 |        5 |      [+1.200,+0.300,+0.025] |      [+1.200,-0.300,+0.025]
 884 |   43.00 |    4 |    DS |     b |        4 |        5 |        5 |      [+1.200,+0.300,+0.025] |      [+2.000,-0.300,+0.025]
