Stance sanity — one row per (step_idx, phase) transition.
tick |   t [s] | step | phase | swing | stance_a | stance_b | swing_to | r_C1=anchor_a (xyz)         | r_C2=anchor_b (xyz)
----------------------------------------------------------------------------------------------------------------------------------
   0 |    0.01 |   -1 |    DS |       |        2 |        2 |       -1 |      [-0.400,+0.300,+0.025] |      [-0.400,-0.300,+0.025]
  10 |    0.11 |    0 |    SS |     b |        2 |        2 |        3 |      [-0.400,+0.300,+0.025] |      [-0.400,-0.300,+0.025]
  38 |    2.92 |    0 |    DS |     b |        2 |        3 |        3 |      [-0.400,+0.300,+0.025] |      [+0.400,-0.300,+0.025]
 260 |    5.14 |    1 |    SS |     a |        2 |        3 |        3 |      [-0.400,+0.300,+0.025] |      [+0.400,-0.300,+0.025]
 343 |   13.45 |    1 |    DS |     a |        3 |        3 |        3 |      [+0.400,+0.300,+0.025] |      [+0.400,-0.300,+0.025]
 424 |   14.26 |    2 |    SS |     b |        3 |        3 |        4 |      [+0.400,+0.300,+0.025] |      [+0.400,-0.300,+0.025]
 517 |   23.57 |    2 |    DS |     b |        3 |        4 |        4 |      [+0.400,+0.300,+0.025] |      [+1.200,-0.300,+0.025]
 657 |   24.97 |    3 |    SS |     a |        3 |        4 |        4 |      [+0.400,+0.300,+0.025] |      [+1.200,-0.300,+0.025]
 737 |   32.98 |    3 |    DS |     a |        4 |        4 |        4 |      [+1.200,+0.300,+0.025] |      [+1.200,-0.300,+0.025]
 787 |   33.48 |    4 |    SS |     b |        4 |        4 |        5 |      [+1.200,+0.300,+0.025] |      [+1.200,-0.300,+0.025]
 880 |   42.78 |    4 |    DS |     b |        4 |        5 |        5 |      [+1.200,+0.300,+0.025] |      [+2.000,-0.300,+0.025]
